0 7373433108282433487272231924733306490967696540647556472399573534403842915574 7481837059533074459178576585036844029671876437263980477435802085437229579372 0
0 4351019330952798403999399734461594322429627149261873098861111530612382974788 1
0 3075299724808124701410289880043262633586893115143031415471005396664883260039 15388426426935911748541116255862138008180132539590769023195525626240680080967 1
0 12655249130249529202311184406526369343375448832226767339017214725186545204097 21056710414786286639249242102329841769305977784348791909156992513657335674969 1
0 2222621974999597957159974924785811771697508303915585986734866305024067705485 1
0 559241572997928508204783368679475120352435698859956643927040597403286120093 20869636009757794451492263136453610215356684725299313618835503119695370144973 1
0 11029214006256861735849392278856364110765283674366063356873310520997756067991 15516082963988343337245295924573178545391647758009001217063188983390887550617 1
0 19999805962695662135607063430577211445221689589788149506597317470491153350884 1
5
5
0
1
2
3
4
5
0 20909549680880097690304050090436677035961975628201778074119942127485949201043 0
0 21145465717701597721337784670788283244580715917519672619283129883767499776013 0
0 15982249601023539114179063399047470590810083673543157095845269302603431095926 0
0 17064703252832208283678629265748752302595118249040620646350160323568423611334 0
0 11354295072206811741394069100039377655578758482768318254672344420018635522204 1


